31894396
32387679
1000
1000127
1000128
1000129
28116741
31033950
3770819
25567645
23802006
31033950
25703572
25051450
18086810
8875444
8027442
1355392
1776727
22727791
22269167
31303977
31048484
30912268
30806035
30516032
27819523
27521372
27569752
26537177
27232191
26732754
26521210
23824191
23723256
23528806
23457012
26134515
25772937
24916648
24904532
23364193
15858394
15858383
15179034
11561731
10900049
12537574
9504919
31303977
30806035
30847462
30466999
24904532
23364193
15858394
9192653
2285319
